1  number of sets, Nset
-----------------
#1 written using the HAWC2 OpenMDAO wrapper
Case ID: wsp_10_00
================================================================================================================================================================================================================================================================================================================================================================================================================================================================================================================================================================================================================================================================================================================================================================================================
          r [0]                   m [1]                 x_cg [2]                y_cg [3]                ri_x [4]                ri_y [5]                pitch [6]                x_e [7]                 y_e [8]                K_11 [9]                K_12 [10]                K_13 [11]                K_14 [12]                K_15 [13]                K_16 [14]                K_22 [15]                K_23 [16]                K_24 [17]                K_25 [18]                K_26 [19]                K_33 [20]                K_34 [21]                K_35 [22]                K_36 [23]                K_44 [24]                K_45 [25]                K_46 [26]                K_55 [27]                K_56 [28]                K_66 [29]        
================================================================================================================================================================================================================================================================================================================================================================================================================================================================================================================================================================================================================================================================================================================================================================================================
$1 19
   0.000000000000000e+00    2.330688736090000e+03   -1.202110720950000e-02    2.505480867690000e-04    1.589956390270000e+00    1.601026156470000e+00   -5.917805416850000e-01   -1.303329617090000e-02    2.504449960770000e-04    3.580340256080000e+09   -6.158591626200000e+05    0.000000000000000e+00    0.000000000000000e+00    0.000000000000000e+00   -3.346748088730000e+04    3.586090769810000e+09    0.000000000000000e+00    0.000000000000000e+00    0.000000000000000e+00    1.888701640350000e+06    4.667739009350000e+10    3.450543447800000e-04    4.290611496860000e-04    0.000000000000000e+00    1.179409558190000e+11    7.311813533310000e-06    0.000000000000000e+00    1.196960540290000e+11    0.000000000000000e+00    3.645710919510000e+10
   9.675845109808179e-01    2.308238002840000e+03   -1.480627635635398e-02   -1.001321379170000e-04    1.588304112300000e+00    1.597014588780000e+00   -1.556140783780000e+00   -1.647642305035397e-02   -1.540940187880000e-04    3.541516417120000e+09    5.959254252720000e+05    0.000000000000000e+00    0.000000000000000e+00    0.000000000000000e+00   -8.605147717540000e+05    3.550017416540000e+09    0.000000000000000e+00    0.000000000000000e+00    0.000000000000000e+00    5.871217368750000e+06    4.624633608400000e+10   -1.173803642910000e-03   -6.096516260110000e-04    0.000000000000000e+00    1.166358534180000e+11   -1.124686794360000e-03    0.000000000000000e+00    1.179690505690000e+11    0.000000000000000e+00    3.594937982220000e+10
   2.902751353378099e+00    1.259210448460000e+03   -8.094948303997997e-02    9.866185992690000e-04    1.396684289770000e+00    1.696305511710000e+00   -8.416178849620000e+01   -1.114226872726800e-01    7.007578694700000e-04    1.980714836580000e+09   -6.875414063420000e+05    0.000000000000000e+00    0.000000000000000e+00    0.000000000000000e+00    1.456429487980000e+07    2.030800555910000e+09    0.000000000000000e+00    0.000000000000000e+00    0.000000000000000e+00   -1.503206292890000e+07    2.175495663870000e+10    5.309999868190000e-04   -3.986439913740000e-04    0.000000000000000e+00    4.217702741670000e+10   -1.140475273130000e-03    0.000000000000000e+00    6.618918771970000e+10    0.000000000000000e+00    1.878913282730000e+10
   4.837918441806098e+00    1.289253117940000e+03   -6.124835827306514e-02    8.618765486960001e-03    1.366512399330000e+00    1.577782770840000e+00   -8.191292964880000e+01   -7.590452412106515e-02    9.288966831020000e-03    2.096023394950000e+09    2.338108606300000e+07    0.000000000000000e+00    0.000000000000000e+00    0.000000000000000e+00    8.055894623469999e+07    2.004995158500000e+09    0.000000000000000e+00    0.000000000000000e+00    0.000000000000000e+00   -2.574900247080000e+07    2.141721271210000e+10    8.440424069130000e-04    1.609054096010000e-03    0.000000000000000e+00    4.038078831250000e+10    8.834120817479999e-04    0.000000000000000e+00    5.774112077880000e+10    0.000000000000000e+00    1.702703584010000e+10
   9.675836473680707e+00    1.051554589420000e+03    1.272084947973726e-01    3.733488089010000e-02    1.235260786830000e+00    1.360625846900000e+00   -2.929029039350000e+01    1.132914933453726e-01    3.632667134700000e-02    1.671022505530000e+09    2.133774774780000e+08    0.000000000000000e+00    0.000000000000000e+00    0.000000000000000e+00   -1.740930042480000e+08    1.303132397260000e+09    0.000000000000000e+00    0.000000000000000e+00    0.000000000000000e+00    1.597718159150000e+08    1.776846762810000e+10   -3.558098310400000e-04    1.516807329500000e-03    0.000000000000000e+00    2.881017932730000e+10    6.422745063900000e-04    0.000000000000000e+00    3.345059427350000e+10    0.000000000000000e+00    8.722755185860001e+09
   1.451375463314398e+01    8.988138381040000e+02    3.087701079060481e-01    5.125573894330000e-02    9.346096047350000e-01    1.447923182180000e+00   -4.723912109810000e+00    3.159778641600481e-01    4.778249680110000e-02    1.374273014450000e+09    2.108629122560000e+07    0.000000000000000e+00    0.000000000000000e+00    0.000000000000000e+00   -1.300856222350000e+08    6.872059003510000e+08    0.000000000000000e+00    0.000000000000000e+00    0.000000000000000e+00    3.676536809550000e+08    1.542093935280000e+10    1.472449302010000e-03    1.343900437570000e-03    0.000000000000000e+00    1.497473199370000e+10    7.067744154480000e-04    0.000000000000000e+00    3.150308995170000e+10    0.000000000000000e+00    3.924046842740000e+09
   1.935167289857339e+01    7.761395155410000e+02    4.253285293318777e-01    4.540186287230000e-02    8.067224305450000e-01    1.543582047770000e+00   -1.583323011600000e+00    4.626375602328777e-01    4.127726973130000e-02    9.498067725690000e+08   -2.604431876740000e+06    0.000000000000000e+00    0.000000000000000e+00    0.000000000000000e+00   -5.630849281840000e+07    5.279597281450000e+08    0.000000000000000e+00    0.000000000000000e+00    0.000000000000000e+00    3.264624993920000e+08    1.297849435010000e+10    8.633074482130000e-04    1.309374887070000e-03    0.000000000000000e+00    9.566709015750000e+09    9.476251725569999e-04    0.000000000000000e+00    3.048985701410000e+10    0.000000000000000e+00    2.374421194210000e+09
   2.418959115926528e+01    6.468497653500000e+02    5.039764291179226e-01    2.825662287760000e-02    7.452378618970000e-01    1.501368041980000e+00   -8.219654032590000e-01    5.542751313349226e-01    2.258674440440000e-02    5.465300614360000e+08    6.259894020100000e+06    0.000000000000000e+00    0.000000000000000e+00    0.000000000000000e+00   -2.512685590690000e+07    4.542314116100000e+08    0.000000000000000e+00    0.000000000000000e+00    0.000000000000000e+00    2.799392013470000e+08    1.062917659750000e+10    1.102548643460000e-03    6.049543725660000e-04    0.000000000000000e+00    6.783218960990000e+09   -1.909653219630000e-04    0.000000000000000e+00    2.392814563630000e+10    0.000000000000000e+00    1.394059280480000e+09
   3.144646809808877e+01    5.409478362249999e+02    5.295559426092196e-01    2.232606560460000e-02    6.931938105060000e-01    1.345985074700000e+00   -1.695303790540000e-01    5.828302873192196e-01    1.618073423310000e-02    3.062015655950000e+08    1.806938998480000e+07    0.000000000000000e+00    0.000000000000000e+00    0.000000000000000e+00   -4.392657356510000e+06    4.242727899100000e+08    0.000000000000000e+00    0.000000000000000e+00    0.000000000000000e+00    2.274204795850000e+08    8.849645908719999e+09   -1.071705260370000e-02    3.908451182600000e-03    0.000000000000000e+00    4.915809152200000e+09    2.868487032170000e-03    0.000000000000000e+00    1.610915377470000e+10    0.000000000000000e+00    8.274185986339999e+08
   3.870334138530698e+01    4.749068757250000e+02    4.737188473878320e-01    1.871668979900000e-02    6.089529403970000e-01    1.154297427050000e+00    1.738593661230000e-01    5.205167405008320e-01    1.360148875670000e-02    2.835046060030000e+08    2.225847231090000e+07    0.000000000000000e+00    0.000000000000000e+00    0.000000000000000e+00   -2.408134625610000e+06    3.757597464410000e+08    0.000000000000000e+00    0.000000000000000e+00    0.000000000000000e+00    1.577441567870000e+08    7.985754250970000e+09   -2.113243436990000e-04    5.859777948690001e-04    0.000000000000000e+00    3.379957089560000e+09   -3.940464748670000e-04    0.000000000000000e+00    1.060556662180000e+10    0.000000000000000e+00    5.637771664870000e+08
   4.596020861688786e+01    4.096989101660000e+02    4.004166026911641e-01    1.205809356410000e-02    4.978470358290000e-01    9.544889624670000e-01    3.128514697840000e-01    4.349473205564041e-01    8.010762555979999e-03    2.924718336500000e+08    1.956996587300000e+07    0.000000000000000e+00    0.000000000000000e+00    0.000000000000000e+00   -2.820853944040000e+06    2.963719064610000e+08    0.000000000000000e+00    0.000000000000000e+00    0.000000000000000e+00    9.217608398490000e+07    7.152034777760000e+09   -3.432264635030000e-04   -8.379393375770000e-04    0.000000000000000e+00    1.987022977670000e+09   -7.781965723550000e-05    0.000000000000000e+00    6.411884312630000e+09    0.000000000000000e+00    3.415739896050000e+08
   5.321704768044660e+01    3.455836737690000e+02    3.409114669065453e-01    1.190344595840000e-02    3.861508703010000e-01    7.703789773410000e-01    4.722063509960000e-01    3.617019018875453e-01    9.089950451079999e-03    3.163317582730000e+08    1.520492938700000e+07    0.000000000000000e+00    0.000000000000000e+00    0.000000000000000e+00   -4.396901933600000e+06    2.168186834120000e+08    0.000000000000000e+00    0.000000000000000e+00    0.000000000000000e+00    4.968361516540000e+07    6.279745998760000e+09   -2.372511974170000e-04   -1.799366176880000e-05    0.000000000000000e+00    1.028110058680000e+09    6.430895336960000e-05    0.000000000000000e+00    3.653698392520000e+09    0.000000000000000e+00    1.894999601250000e+08
   6.047387215212183e+01    2.876060797510000e+02    2.911203011351320e-01    1.626371819390000e-02    2.908516614030000e-01    6.191333750400000e-01    6.385381926480000e-01    3.026012209011320e-01    1.451687661720000e-02    3.409293689100000e+08    9.243561879559999e+06    0.000000000000000e+00    0.000000000000000e+00    0.000000000000000e+00   -4.054865183680000e+06    1.531652381850000e+08    0.000000000000000e+00    0.000000000000000e+00    0.000000000000000e+00    2.584532671620000e+07    5.402663294750000e+09   -5.946192596770000e-05   -2.446590636610000e-06    0.000000000000000e+00    4.933260969790000e+08    2.753571152430000e-06    0.000000000000000e+00    2.017007228580000e+09    0.000000000000000e+00    9.930586489410000e+07
   6.773063086555753e+01    2.325667041260000e+02    2.515362358989547e-01    1.989155596420000e-02    2.216217563120000e-01    5.001753555220000e-01    8.076100371079999e-01    2.566974025369547e-01    1.887154096860000e-02    3.382773828530000e+08    5.098520587600000e+06    0.000000000000000e+00    0.000000000000000e+00    0.000000000000000e+00   -3.561088642590000e+06    1.181954753400000e+08    0.000000000000000e+00    0.000000000000000e+00    0.000000000000000e+00    1.090341684080000e+07    4.472899967010000e+09    2.003205770910000e-05    3.245278619510000e-05    0.000000000000000e+00    2.342085633360000e+08   -3.009768079210000e-08    0.000000000000000e+00    1.083809534810000e+09    0.000000000000000e+00    5.214065723470000e+07
   7.498722160047008e+01    1.777960011090000e+02    2.193721150548167e-01    2.005588568140000e-02    1.746421557700000e-01    4.147661372740000e-01    7.951641233810000e-01    2.213073213678167e-01    1.942469624960000e-02    3.036339761290000e+08    1.731083649300000e+06    0.000000000000000e+00    0.000000000000000e+00    0.000000000000000e+00   -2.358387018140000e+06    7.604018241509999e+07    0.000000000000000e+00    0.000000000000000e+00    0.000000000000000e+00    1.056956466760000e+07    3.451795044360000e+09    3.141127187240000e-06   -7.209712542960000e-05    0.000000000000000e+00    1.116691143380000e+08   -1.849683940240000e-06    0.000000000000000e+00    5.692196823360000e+08    0.000000000000000e+00    2.767048160200000e+07
   8.224334463071609e+01    1.247889331100000e+02    1.897680172958590e-01    1.762692148050000e-02    1.435687945670000e-01    3.517500989800000e-01    5.895650115590000e-01    1.902287488948591e-01    1.718096998420000e-02    2.415552335600000e+08    1.190040311560000e+06    0.000000000000000e+00    0.000000000000000e+00    0.000000000000000e+00   -1.454166023180000e+06    5.666883280570000e+07    0.000000000000000e+00    0.000000000000000e+00    0.000000000000000e+00    7.632204751500000e+06    2.416998749120000e+09   -4.884605985190000e-06    1.053308700890000e-05    0.000000000000000e+00    5.295712486950000e+07   -1.362467912710000e-06    0.000000000000000e+00    2.799694300360000e+08    0.000000000000000e+00    1.560686733410000e+07
   8.949827752941333e+01    7.202932641110000e+01    1.425427034734129e-01    1.719705699770000e-02    1.104713220600000e-01    3.022790543050000e-01    1.737912541570000e-01    1.438935708364129e-01    1.698852138730000e-02    1.616886627630000e+08    1.271536728910000e+06    0.000000000000000e+00    0.000000000000000e+00    0.000000000000000e+00   -8.261167462980000e+05    3.443660836520000e+07    0.000000000000000e+00    0.000000000000000e+00    0.000000000000000e+00    4.458769075390000e+06    1.359018631940000e+09    4.233784592040000e-06    6.717100426370000e-06    0.000000000000000e+00    1.795038252910000e+07   -8.573621137490000e-07    0.000000000000000e+00    1.099410842430000e+08    0.000000000000000e+00    6.853673570630000e+06
   9.481731542218029e+01    2.847008608190000e+01    5.630270145795814e-02    1.286646109360000e-02    6.183707203300000e-02    2.332957072000000e-01   -5.194582322130000e-01    6.278337643815814e-02    1.303866378030000e-02    6.520415213210000e+07    8.438440973940000e+05    0.000000000000000e+00    0.000000000000000e+00    0.000000000000000e+00   -1.665981601870000e+05    1.078355871440000e+07    0.000000000000000e+00    0.000000000000000e+00    0.000000000000000e+00    1.225646616920000e+06    5.139680096700000e+08   -8.131624189010001e-08   -1.830702159960000e-06    0.000000000000000e+00    2.205700797610000e+06    8.301332954370001e-09    0.000000000000000e+00    2.411254704490000e+07    0.000000000000000e+00    1.179135335380000e+06
   9.675212748500034e+01    0.000000000000000e+00    5.150604255144965e-03    0.000000000000000e+00    0.000000000000000e+00    0.000000000000000e+00    0.000000000000000e+00    5.150604255144965e-03    0.000000000000000e+00    0.000000000000000e+00    0.000000000000000e+00    0.000000000000000e+00    0.000000000000000e+00    0.000000000000000e+00    0.000000000000000e+00    0.000000000000000e+00    0.000000000000000e+00    0.000000000000000e+00    0.000000000000000e+00    0.000000000000000e+00    0.000000000000000e+00    0.000000000000000e+00    0.000000000000000e+00    0.000000000000000e+00    0.000000000000000e+00    0.000000000000000e+00    0.000000000000000e+00    0.000000000000000e+00    0.000000000000000e+00    0.000000000000000e+00
